<s> 21 11 7 6 7 22 22 1 24 1 21 22 11 </s>
<s> 21 3 13 21 3 14 3 11 21 14 7 10 22 11 7 16 </s>
<s> 24 3 14 11 22 22 3 24 3 21 22 3 </s>
<s> 12 17 10 3 16 16 3 3 </s>
<s> 14 3 11 15 7 16 22 3 15 11 21 7 13 21 11 </s>
<s> 20 23 23 13 11 16 13 23 12 3 14 14 3 </s>
<s> 27 6 11 16 24 3 13 3 24 3 20 3 11 21 23 23 6 7 16 </s>
<s> 8 17 14 13 10 1 14 21 3 16 11 16 </s>
<s> 27 17 11 9 17 3 </s>
<s> 20 3 21 11 22 22 11 24 3 22 </s>
<s> 14 3 23 14 3 15 11 16 7 16 </s>
<s> 22 23 17 10 11 14 3 15 15 7 14 22 3 </s>
<s> 10 7 14 21 11 16 13 11 14 1 11 21 13 7 11 14 3 3 12 3 </s>
<s> 15 3 13 21 3 16 7 11 6 7 16 </s>
<s> 21 23 18 7 20 27 13 21 11 13 2 16 </s>
<s> 21 27 27 22 22 1 12 1 21 22 1 </s>
<s> 18 1 11 10 6 7 17 16 9 7 14 15 11 11 16 </s>
<s> 21 11 11 22 17 21 7 16 </s>
<s> 13 11 10 3 20 17 11 22 3 </s>
<s> 22 23 10 13 3 11 21 7 16 </s>
<s> 20 23 15 3 3 16 </s>
<s> 21 23 15 15 11 21 21 3 </s>
<s> 18 1 11 10 6 7 3 21 11 17 11 21 22 3 </s>
<s> 7 21 11 17 22 22 7 14 23 11 21 21 3 3 16 </s>
<s> 24 3 11 24 3 23 22 23 16 23 22 22 3 </s>
<s> 15 7 16 11 13 2 </s>
<s> 4 3 5 13 7 11 14 14 3 </s>
<s> 15 11 9 20 7 7 16 11 16 </s>
<s> 20 3 13 13 3 23 21 21 23 10 22 7 11 21 21 3 </s>
<s> 17 4 12 7 13 22 11 21 22 3 </s>
<s> 21 17 21 11 3 14 11 21 22 11 18 20 7 21 11 6 7 16 22 22 11 </s>
<s> 22 27 10 12 11 7 16 </s>
<s> 21 10 7 16 28 10 7 16 11 14 1 11 16 7 16 </s>
<s> 3 14 3 13 3 21 22 11 11 16 </s>
<s> 10 3 23 21 13 3 16 18 11 22 17 3 </s>
<s> 15 23 17 22 22 11 11 16 </s>
<s> 3 20 17 15 3 3 22 22 11 21 7 22 </s>
<s> 12 1 20 24 7 16 22 11 7 </s>
<s> 17 15 11 21 22 7 11 21 7 14 14 7 </s>
<s> 21 23 24 3 11 22 21 7 24 3 11 16 7 16 </s>
<s> 10 7 20 13 11 21 22 27 11 16 </s>
<s> 22 17 11 15 7 22 22 17 15 3 16 3 </s>
<s> 22 3 13 7 20 22 23 23 </s>
<s> 22 23 17 22 3 16 22 17 24 3 11 10 7 7 21 21 3 </s>
<s> 24 3 18 3 3 13 3 18 18 3 14 7 17 11 13 7 23 21 </s>
<s> 22 11 7 22 7 7 16 22 7 13 11 12 1 22 </s>
<s> 15 3 23 14 3 24 11 20 22 3 </s>
<s> 27 2 18 3 13 13 3 21 11 3 </s>
<s> 18 7 14 11 3 12 3 21 21 3 </s>
<s> 15 1 16 16 11 13 2 11 21 22 1 </s>
